9
10
1 2 3 4 5 6 7 8 9 10
10
10 9 8 7 6 5 4 3 2 1
10
10 9 1 8 7 6 3 2 5 4
25
1 2 3 4 5 6 7 8 9 10 11 12 13 14 15 16 17 18 19 20 21 22 23 24 25
25
25 24 23 22 21 20 19 18 17 16 15 14 13 12 11 10 9 8 7 6 5 4 3 2 1
25
15 17 19 22 6 24 9 21 8 12 18 2 14 20 7 16 10 1 23 25 13 11 5 4 3
50
1 2 3 4 5 6 7 8 9 10 11 12 13 14 15 16 17 18 19 20 21 22 23 24 25 26 27 28 29 30 31 32 33 34 35 36 37 38 39 40 41 42 43 44 45 46 47 48 49 50
50
50 49 48 47 46 45 44 43 42 41 40 39 38 37 36 35 34 33 32 31 30 29 28 27 26 25 24 23 22 21 20 19 18 17 16 15 14 13 12 11 10 9 8 7 6 5 4 3 2 1
50
22 32 23 34 36 43 47 7 40 8 17 42 10 50 20 27 15 25 41 18 1 14 49 48 26 12 5 9 4 19 13 21 46 29 45 35 37 33 6 28 44 30 39 16 24 3 11 31 38 2